0[0.20280478 0.00122294 0.49450163 0.11723596 0.00097658 0.10844219
 0.17821443 0.0448032  0.         0.         0.         1.
 0.         0.         0.         0.         0.         0.        ]
1[0.20286582 0.00122294 0.2643935  0.26921349 0.00097658 0.74171347
 0.37333886 0.0448032  0.         0.         0.         1.
 0.         0.         0.         0.         0.         0.        ]
2[0.20292686 0.00122294 0.13824328 0.45747097 0.00097658 0.17206385
 0.05469359 0.0448032  0.         0.         0.         1.
 0.         0.         0.         0.         0.         0.        ]
3[0.2029879  0.00122294 0.22952204 0.21438694 0.00097658 0.76315468
 0.32107294 0.0448032  0.         0.         0.         1.
 0.         0.         0.         0.         0.         0.        ]
4[0.20304894 0.00122294 0.31697935 0.07359701 0.00097658 0.20641558
 0.01631592 0.0448032  0.         0.         0.         1.
 0.         0.         0.         0.         0.         0.        ]
5[0.20310998 0.00122294 0.22966041 0.15530824 0.00097658 0.52095288
 0.75130877 0.0448032  0.         0.         0.         1.
 0.         0.         0.         0.         0.         0.        ]
6[0.20317102 0.00122294 0.21623358 0.00278775 0.00097658 0.92705408
 0.47001558 0.0448032  0.         0.         0.         1.
 0.         0.         0.         0.         0.         0.        ]
7[0.20323206 0.00122294 0.0100429  0.34436782 0.00097658 0.2532963
 0.85178771 0.0448032  0.         0.         0.         1.
 0.         0.         0.         0.         0.         0.        ]
8[0.2032931  0.00122294 0.23514112 0.37617242 0.00097658 0.11015139
 0.21389962 0.0448032  0.         0.         0.         1.
 0.         0.         0.         0.         0.         0.        ]
9[0.20335414 0.00122294 0.11614538 0.00842592 0.00097658 0.11973508
 0.85121883 0.0448032  0.         0.         0.         1.
 0.         0.         0.         0.         0.         0.        ]
10[0.83151486 0.00677204 0.37964565 0.27848722 0.00386053 0.12706019
 0.7284125  0.96932922 1.         0.         0.         0.
 0.         0.         1.         0.         0.         0.        ]
11[0.83151486 0.00677204 0.37964597 0.27848722 0.00386053 0.42996887
 0.7284125  0.96932922 1.         0.         0.         0.
 0.         1.         1.         0.         0.         0.        ]
12[0.81327921 0.00122294 0.76008152 0.19173945 0.13366903 0.89235136
 0.67314818 0.52676797 1.         0.         0.         0.
 0.         0.         1.         0.         0.         0.        ]
13[0.83151486 0.00677204 0.37964628 0.27848722 0.00386053 0.35682456
 0.7284125  0.96932922 1.         0.         0.         0.
 0.         0.         1.         0.         0.         0.        ]
14[0.00676016 0.15396845 0.78650348 0.37084008 0.50029755 0.31761995
 0.67316484 0.06504041 1.         0.         0.         0.
 0.         0.         1.         0.         0.         0.        ]
15[0.00676016 0.15396845 0.78650414 0.37084008 0.50029755 0.92584849
 0.67316484 0.06504041 1.         0.         0.         0.
 0.         0.         1.         0.         0.         0.        ]
16[0.0012208  0.40303595 0.82190871 0.47138694 0.50125887 0.80898242
 0.67316484 0.99280818 1.         0.         0.         0.
 0.         0.         1.         0.         0.         0.        ]
17[0.00676016 0.15396845 0.7865048  0.37084008 0.50029755 0.82224393
 0.67316484 0.06504041 1.         0.         0.         0.
 0.         0.         1.         0.         0.         0.        ]
18[0.0012208  0.40303595 0.82190905 0.47138694 0.50125887 0.01909108
 0.67316484 0.99280818 1.         0.         0.         0.
 0.         1.         1.         0.         0.         0.        ]
19[0.00676016 0.15396845 0.78650512 0.37084008 0.50029755 0.21731168
 0.67316484 0.06504041 1.         0.         0.         0.
 0.         1.         1.         0.         0.         0.        ]
20[0.83151486 0.00677204 0.3796466  0.27848722 0.00386053 0.4905384
 0.7284125  0.96932922 1.         0.         0.         0.
 0.         0.         1.         0.         0.         0.        ]
21[0.83151486 0.00677204 0.37964692 0.27848722 0.00386053 0.85104078
 0.7284125  0.96932922 1.         0.         0.         0.
 0.         0.         1.         0.         0.         0.        ]
22[0.3470266  0.00122294 0.67840441 0.37079374 0.00840772 0.13807838
 0.90263779 0.67539039 1.         0.         0.         0.
 0.         0.         1.         0.         0.         0.        ]
23[0.83151486 0.00677204 0.37964724 0.27848722 0.00386053 0.87992919
 0.7284125  0.96932922 1.         0.         0.         0.
 0.         0.         1.         0.         0.         0.        ]
24[0.83151486 0.00677204 0.37964757 0.27848722 0.00386053 0.86384446
 0.7284125  0.96932922 1.         0.         0.         0.
 0.         0.         1.         0.         0.         0.        ]
25[0.0012208  0.03112388 0.49836963 0.14936975 0.50116732 0.96949396
 0.67316484 0.49791751 1.         0.         0.         0.
 0.         0.         1.         0.         0.         0.        ]
26[0.39822374 0.00122294 0.36875244 0.65609756 0.02386511 0.65990111
 0.68540951 0.67539039 1.         0.         0.         0.
 0.         0.         1.         0.         0.         0.        ]
27[0.0012208  0.03112388 0.49836996 0.14936975 0.50116732 0.47730741
 0.67316484 0.49791751 1.         0.         0.         0.
 0.         1.         1.         0.         0.         0.        ]
28[0.83151486 0.00677204 0.37964819 0.27848722 0.00386053 0.29714015
 0.7284125  0.96932922 1.         0.         0.         0.
 0.         0.         1.         0.         0.         0.        ]
29[0.83151486 0.00677204 0.37964852 0.27848722 0.00386053 0.27875107
 0.7284125  0.96932922 1.         0.         0.         0.
 0.         0.         1.         0.         0.         0.        ]
30[0.83151486 0.00677204 0.37964884 0.27848722 0.00386053 0.58861861
 0.7284125  0.96932922 1.         0.         0.         0.
 0.         0.         1.         0.         0.         0.        ]
31[0.99240054 0.00677204 0.05204716 0.72493205 0.00390631 0.69959407
 0.72841481 0.13891307 1.         0.         0.         0.
 0.         0.         1.         0.         0.         0.        ]
32[0.83151486 0.00677204 0.37964916 0.27848722 0.00386053 0.41827921
 0.7284125  0.96932922 1.         0.         0.         0.
 0.         0.         1.         0.         0.         0.        ]
33[0.83151486 0.00677204 0.37964948 0.27848722 0.00386053 0.17714565
 0.7284125  0.96932922 1.         0.         0.         0.
 0.         0.         1.         0.         0.         0.        ]
34[0.83151486 0.00677204 0.37965011 0.27848722 0.00386053 0.72066903
 0.7284125  0.96932922 1.         0.         0.         0.
 0.         0.         1.         0.         0.         0.        ]
35[0.83151486 0.00677204 0.37965043 0.27848722 0.00386053 0.87171896
 0.7284125  0.96932922 1.         0.         0.         0.
 0.         0.         1.         0.         0.         0.        ]
36[0.81666692 0.00677204 0.76325464 0.01840807 0.06567483 0.30382432
 0.90225485 0.3355108  0.         0.         0.         0.
 0.         0.         1.         0.         0.         0.        ]
37[0.96946483 0.00677204 0.28713122 0.57244123 0.03125048 0.59128922
 0.59792189 0.77105424 1.         0.         0.         0.
 0.         0.         1.         0.         0.         0.        ]
38[0.83151486 0.00677204 0.37965107 0.27848722 0.00386053 0.15065316
 0.7284125  0.96932922 1.         0.         0.         0.
 0.         0.         1.         0.         0.         0.        ]
39[0.83151486 0.00677204 0.3796514  0.27848722 0.00386053 0.61288304
 0.7284125  0.96932922 1.         0.         0.         0.
 0.         0.         1.         0.         0.         0.        ]
40[0.3470266  0.00122294 0.67840441 0.37079439 0.00823987 0.09557746
 0.90263779 0.67539039 1.         0.         0.         0.
 0.         0.         1.         0.         0.         0.        ]
41[0.90879126 0.00122294 0.81910826 0.87930184 0.06179904 0.9015688
 0.90225479 0.07668116 1.         0.         0.         0.
 0.         0.         1.         0.         0.         0.        ]
42[0.90879126 0.00122294 0.81910826 0.87930218 0.06250095 0.87870834
 0.90225479 0.07668116 1.         0.         0.         0.
 0.         0.         1.         0.         0.         0.        ]
43[0.90879126 0.00122294 0.81910826 0.87930218 0.06250095 0.15922964
 0.90225479 0.07668116 1.         0.         0.         0.
 0.         0.         1.         0.         0.         0.        ]
44[0.83151486 0.00677204 0.37965172 0.27848722 0.00386053 0.89554084
 0.7284125  0.96932922 1.         0.         0.         0.
 0.         1.         1.         0.         0.         0.        ]
45[0.82206894 0.00677204 0.49278773 0.12617851 0.03056382 0.04465267
 0.90225479 0.33550997 1.         0.         0.         0.
 0.         0.         1.         0.         0.         0.        ]
46[0.83151486 0.00677204 0.37965202 0.27848722 0.00386053 0.15220974
 0.7284125  0.96932922 1.         0.         0.         0.
 0.         0.         1.         0.         0.         0.        ]
47[0.82206894 0.00677204 0.49278773 0.12617851 0.03125048 0.04396594
 0.90225479 0.33550997 1.         0.         0.         0.
 0.         0.         1.         0.         0.         0.        ]
48[0.83151486 0.00677204 0.37965235 0.27848722 0.00386053 0.23005433
 0.7284125  0.96932922 1.         0.         0.         0.
 0.         0.         1.         0.         0.         0.        ]
49[0.83151486 0.00677204 0.37965267 0.27848722 0.00386053 0.57898913
 0.7284125  0.96932922 1.         0.         0.         0.
 0.         0.         1.         0.         0.         0.        ]
50[0.83151486 0.00677204 0.37965331 0.27848722 0.00386053 0.07924857
 0.7284125  0.96932922 1.         0.         0.         0.
 0.         0.         1.         0.         0.         0.        ]
51[0.83151486 0.00677204 0.37965363 0.27848722 0.00386053 0.50149554
 0.7284125  0.96932922 1.         0.         0.         0.
 0.         1.         1.         0.         0.         0.        ]
52[0.3470266  0.00122294 0.67840441 0.37079527 0.00801099 0.0383195
 0.90263779 0.67539039 1.         0.         0.         0.
 0.         0.         1.         0.         0.         0.        ]
53[0.76023561 0.00677204 0.65889995 0.         1.         0.67996887
 0.90225479 0.27409857 1.         0.         0.         1.
 0.         0.         0.         0.         0.         0.        ]
54[0.00676016 0.15396845 0.78650545 0.37084008 0.50029755 0.11770541
 0.67316484 0.06504041 1.         0.         0.         0.
 0.         0.         1.         0.         0.         0.        ]
55[0.00676016 0.15396845 0.78650578 0.37084008 0.50029755 0.55849408
 0.67316484 0.06504041 1.         0.         0.         0.
 0.         1.         1.         0.         0.         0.        ]
56[0.00676016 0.15396845 0.78650611 0.37084008 0.50029755 0.4106031
 0.67316484 0.06504041 1.         0.         0.         0.
 0.         0.         1.         0.         0.         0.        ]
57[0.00676016 0.15396845 0.78650644 0.37084008 0.50029755 0.58107984
 0.67316484 0.06504041 1.         0.         0.         0.
 0.         0.         1.         0.         0.         0.        ]
58[0.00676016 0.15396845 0.78650677 0.37084008 0.50029755 0.16524234
 0.67316484 0.06504041 1.         0.         0.         0.
 0.         0.         1.         0.         0.         0.        ]
59[0.00676016 0.15396845 0.78650776 0.37084008 0.50029755 0.35488646
 0.67316484 0.06504041 1.         0.         0.         0.
 0.         0.         1.         0.         0.         0.        ]
60[0.00676016 0.15396845 0.78650842 0.37084008 0.50029755 0.63527042
 0.67316484 0.06504041 1.         0.         0.         0.
 0.         0.         1.         0.         0.         0.        ]
61[0.00676016 0.15396845 0.78650875 0.37084008 0.50029755 0.62850995
 0.67316484 0.06504041 1.         0.         0.         0.
 0.         0.         1.         0.         0.         0.        ]
62[0.83151486 0.00677204 0.37965394 0.27848722 0.00386053 0.85087291
 0.7284125  0.96932922 1.         0.         0.         0.
 0.         0.         1.         0.         0.         0.        ]
63[0.00676016 0.15396845 0.78650908 0.37084008 0.50029755 0.82712733
 0.67316484 0.06504041 1.         0.         0.         0.
 0.         1.         1.         0.         0.         0.        ]
64[0.83151486 0.00677204 0.37965458 0.27848722 0.00386053 0.8211299
 0.7284125  0.96932922 1.         0.         0.         0.
 0.         0.         1.         0.         0.         0.        ]
65[0.0012208  0.40303595 0.82190939 0.47138694 0.50125887 0.66498291
 0.67316484 0.99280818 1.         0.         0.         0.
 0.         0.         1.         0.         0.         0.        ]
66[0.83151486 0.00677204 0.3796549  0.27848722 0.00386053 0.57123672
 0.7284125  0.96932922 1.         0.         0.         0.
 0.         0.         1.         0.         0.         0.        ]
67[0.0012208  0.40303595 0.82190973 0.47138694 0.50125887 0.41965267
 0.67316484 0.99280818 1.         0.         0.         0.
 0.         1.         1.         0.         0.         0.        ]
68[0.39817796 0.00122294 0.8357162  0.2553255  0.0767071  0.96456477
 0.68540951 0.67539039 1.         0.         0.         0.
 0.         0.         1.         0.         0.         0.        ]
69[0.0012208  0.40303595 0.82191007 0.47138694 0.50125887 0.3931907
 0.67316484 0.99280818 1.         0.         0.         0.
 0.         0.         1.         0.         0.         0.        ]
70[0.0012208  0.40303595 0.82191041 0.47138694 0.50125887 0.60305518
 0.67316484 0.99280818 1.         0.         0.         0.
 0.         0.         1.         0.         0.         0.        ]
71[0.94912332 0.00677204 0.38916618 0.52993212 0.01525902 0.87863204
 0.5865212  0.33550417 0.         0.         0.         0.
 0.         0.         1.         0.         0.         0.        ]
72[0.0012208  0.40303595 0.82191075 0.47138694 0.50125887 0.09397509
 0.67316484 0.99280818 1.         0.         0.         0.
 0.         1.         1.         0.         0.         0.        ]
73[0.94912332 0.00677204 0.3891665  0.52993212 0.01525902 0.72846722
 0.5865212  0.33550417 0.         0.         0.         0.
 0.         0.         1.         0.         0.         0.        ]
74[0.84274618 0.87324202 0.14033124 0.52565157 0.01562524 0.27388292
 0.9939592  0.67539039 1.         0.         0.         0.
 0.         0.         1.         0.         0.         0.        ]
75[0.7512475  0.06328727 0.54448235 0.21405838 0.03123522 0.78081126
 0.90225479 0.2338526  1.         0.         0.         0.
 0.         0.         1.         0.         0.         0.        ]
76[0.94912332 0.00677204 0.38916681 0.52993212 0.01525902 0.0098889
 0.5865212  0.33550417 0.         0.         0.         0.
 0.         0.         1.         0.         0.         0.        ]
77[0.0012208  0.40303595 0.82191109 0.47138694 0.50125887 0.4078104
 0.67316484 0.99280818 1.         0.         0.         0.
 0.         0.         1.         0.         0.         0.        ]
78[0.99240054 0.00677204 0.05204716 0.72493205 0.00390631 0.67807655
 0.72841481 0.13891307 1.         0.         0.         0.
 0.         0.         1.         0.         0.         0.        ]
79[0.0012208  0.40303595 0.82191143 0.47138694 0.50125887 0.76259004
 0.67316484 0.99280818 1.         0.         0.         0.
 0.         1.         1.         0.         0.         0.        ]
80[0.00676016 0.75041274 0.63984988 0.27611961 0.50029755 0.30918081
 0.67316484 0.51208459 1.         0.         0.         0.
 0.         0.         1.         0.         0.         0.        ]
81[0.00676016 0.75041274 0.63985021 0.27611961 0.50029755 0.65762727
 0.67316484 0.51208459 1.         0.         0.         0.
 0.         0.         1.         0.         0.         0.        ]
82[0.00676016 0.75041274 0.63985054 0.27611961 0.50029755 0.74696313
 0.67316484 0.51208459 1.         0.         0.         0.
 0.         1.         1.         0.         0.         0.        ]
83[0.0012208  0.9050691  0.39292168 0.37806333 0.50029755 0.92511598
 0.67316484 0.68567137 1.         0.         0.         0.
 0.         0.         1.         0.         0.         0.        ]
84[0.0012208  0.9050691  0.39292201 0.37806333 0.50029755 0.98397632
 0.67316484 0.68567137 1.         0.         0.         0.
 0.         0.         1.         0.         0.         0.        ]
85[0.0012208  0.9050691  0.392923   0.37806333 0.50029755 0.80600659
 0.67316484 0.68567137 1.         0.         0.         0.
 0.         0.         1.         0.         0.         0.        ]
86[0.0012208  0.9050691  0.39292333 0.37806333 0.50029755 0.51439079
 0.67316484 0.68567137 1.         0.         0.         0.
 0.         0.         1.         0.         0.         0.        ]
87[0.0012208  0.9050691  0.39292366 0.37806333 0.50029755 0.27052558
 0.67316484 0.68567137 1.         0.         0.         0.
 0.         0.         1.         0.         0.         0.        ]
88[0.0012208  0.9050691  0.39292465 0.37806333 0.50029755 0.12068124
 0.67316484 0.68567137 1.         0.         0.         0.
 0.         0.         1.         0.         0.         0.        ]
89[0.0012208  0.9050691  0.39292563 0.37806333 0.50029755 0.3652637
 0.67316484 0.68567137 1.         0.         0.         0.
 0.         0.         1.         0.         0.         0.        ]
90[0.0012208  0.9050691  0.39292662 0.37806333 0.50029755 0.28815163
 0.67316484 0.68567137 1.         0.         0.         0.
 0.         0.         1.         0.         0.         0.        ]
91[0.0012208  0.9050691  0.39292695 0.37806333 0.50029755 0.84139604
 0.67316484 0.68567137 1.         0.         0.         0.
 0.         1.         1.         0.         0.         0.        ]
92[0.94912332 0.00677204 0.38916713 0.52993212 0.01525902 0.46244354
 0.5865212  0.33550417 0.         0.         0.         0.
 0.         0.         1.         0.         0.         0.        ]
93[0.39817796 0.00122294 0.8357162  0.25532581 0.0767071  0.94472592
 0.68540951 0.67539039 1.         0.         0.         0.
 0.         0.         1.         0.         0.         0.        ]
94[0.01515313 0.2303412  0.00933807 0.74586142 0.1145037  0.13952814
 0.5865064  0.16128761 0.         0.         0.         0.
 0.         1.         1.         0.         0.         0.        ]
95[0.01515313 0.2303412  0.00933809 0.74586142 0.1145037  0.34754609
 0.5865064  0.16128761 0.         0.         0.         0.
 0.         1.         1.         0.         0.         0.        ]
96[0.94912332 0.00677204 0.38916745 0.52993212 0.01525902 0.80863142
 0.5865212  0.33550417 0.         0.         0.         0.
 0.         0.         1.         0.         0.         0.        ]
97[0.994247   0.00122294 0.41502949 0.71186306 0.13257038 0.12548834
 0.6731648  0.43266447 1.         0.         0.         0.
 0.         0.         1.         0.         0.         0.        ]
98[0.0012208  0.40303595 0.82191177 0.47138694 0.50125887 0.5187706
 0.67316484 0.99280818 1.         0.         0.         0.
 0.         0.         1.         0.         0.         0.        ]
99[0.0012208  0.40303595 0.82191211 0.47138694 0.50125887 0.71415273
 0.67316484 0.99280818 1.         0.         0.         0.
 0.         1.         1.         0.         0.         0.        ]
100[0.00676016 0.75388284 0.47257243 0.68325713 0.11778439 0.20151691
 0.96613505 0.5884298  0.         0.         0.         0.
 0.         0.         1.         0.         0.         0.        ]
101[0.75007248 0.00122294 0.05195346 0.85566874 0.13672084 0.91272433
 0.67315188 0.10444724 1.         0.         0.         0.
 0.         0.         1.         0.         0.         0.        ]
102[0.00676016 0.15396845 0.78650941 0.37084008 0.50029755 0.94741179
 0.67316484 0.06504041 1.         0.         0.         0.
 0.         1.         1.         0.         0.         0.        ]
103[0.78591812 0.00677204 0.82830562 0.30200493 0.06250095 0.80855512
 0.90225479 0.079703   1.         0.         0.         0.
 0.         1.         1.         0.         0.         0.        ]
104[0.75007248 0.00122294 0.05195346 0.85566916 0.13672084 0.88513307
 0.67315188 0.10444724 1.         0.         0.         0.
 0.         0.         1.         0.         0.         0.        ]
105[0.94912332 0.00677204 0.38916777 0.52993212 0.01525902 0.30609816
 0.5865212  0.33550417 0.         0.         0.         0.
 0.         0.         1.         0.         0.         0.        ]
106[0.80381804 0.00122294 0.26627385 0.69644238 0.90547036 0.18946099
 0.90280938 0.91252419 0.         0.         0.         0.
 0.         0.         1.         0.         0.         0.        ]
107[0.00676016 0.8016846  0.968288   0.23494242 0.00369268 0.85784703
 0.7685135  0.58843524 0.         0.         0.         0.
 0.         1.         1.         0.         0.         0.        ]
108[0.81759778 0.00677204 0.86117146 0.82144042 0.00390631 0.21526676
 0.72840997 0.4679108  1.         0.         0.         0.
 0.         0.         1.         0.         0.         0.        ]
109[0.86766568 0.00032102 0.09712897 0.49584326 0.06414893 0.06568185
 0.16504351 0.67539039 1.         0.         0.         0.
 0.         0.         1.         0.         0.         0.        ]
110[0.78591812 0.00677204 0.82830563 0.30200493 0.06250095 0.77333354
 0.90225479 0.079703   1.         0.         1.         0.
 0.         0.         1.         0.         0.         0.        ]
111[0.00033572 0.95861869 0.669067   0.67303618 0.02771038 0.99935905
 0.58650566 0.80975058 1.         0.         0.         0.
 0.         0.         1.         0.         0.         0.        ]
112[0.00033572 0.95861869 0.66906733 0.67303618 0.02771038 0.80016176
 0.58650566 0.80975058 1.         0.         0.         0.
 0.         0.         1.         0.         0.         0.        ]
113[0.00033572 0.95861869 0.66906799 0.67303618 0.02771038 0.04646869
 0.58650566 0.80975058 1.         0.         0.         0.
 0.         0.         1.         0.         0.         0.        ]
114[0.94912332 0.00677204 0.38916809 0.52993212 0.01525902 0.2275058
 0.5865212  0.33550417 0.         0.         0.         0.
 0.         0.         1.         0.         0.         0.        ]
115[0.80381804 0.00122294 0.26627385 0.69644442 0.90547036 0.05577768
 0.90280938 0.91252419 0.         0.         0.         0.
 0.         0.         1.         0.         0.         0.        ]
116[0.75007248 0.00122294 0.05195346 0.85566983 0.13672084 0.84092296
 0.67315188 0.10444724 1.         0.         0.         0.
 0.         0.         1.         0.         0.         0.        ]
117[0.7697273  0.00033631 0.2254141  0.17317179 0.06247044 0.76382615
 0.59792109 0.98450133 1.         0.         0.         0.
 0.         0.         1.         0.         0.         0.        ]
118[0.00676016 0.8016846  0.96828802 0.23494244 0.00369268 0.05498413
 0.7685135  0.58843524 0.         0.         0.         0.
 0.         1.         1.         0.         0.         0.        ]
119[0.52532389 0.00677204 0.10899487 0.19138385 0.00776684 0.71789159
 0.72841591 0.77105436 1.         0.         0.         0.
 0.         1.         1.         0.         0.         0.        ]
120[0.994247   0.00122294 0.41502949 0.71186374 0.13257038 0.08129349
 0.6731648  0.43266447 1.         0.         0.         0.
 0.         0.         1.         0.         0.         0.        ]
121[0.80381804 0.00122294 0.26627385 0.69644578 0.9500267  0.9222012
 0.90280938 0.91252419 0.         0.         0.         0.
 0.         0.         1.         0.         0.         0.        ]
122[0.94912332 0.00677204 0.38916841 0.52993212 0.01525902 0.61161641
 0.5865212  0.33550417 0.         0.         0.         0.
 0.         0.         1.         0.         0.         0.        ]
123[0.00676016 0.15396845 0.78650974 0.37084008 0.50029755 0.75125137
 0.67316484 0.06504041 1.         0.         0.         0.
 0.         1.         1.         0.         0.         0.        ]
124[0.80381804 0.00122294 0.26627385 0.69644646 0.97230488 0.85535954
 0.90280938 0.91252419 0.         0.         0.         0.
 0.         0.         1.         0.         0.         0.        ]
125[0.94912332 0.00677204 0.38916873 0.52993212 0.01525902 0.4504334
 0.5865212  0.33550417 0.         0.         0.         0.
 0.         0.         1.         0.         0.         0.        ]
126[0.0012208  0.40303595 0.82191245 0.47138694 0.50125887 0.22039434
 0.67316484 0.99280818 1.         0.         0.         0.
 0.         0.         1.         0.         0.         0.        ]
127[0.0012208  0.40303595 0.82191279 0.47138694 0.50125887 0.35906788
 0.67316484 0.99280818 1.         0.         0.         0.
 0.         1.         1.         0.         0.         0.        ]
128[0.39817796 0.00122294 0.8357162  0.25532641 0.0767071  0.90504822
 0.68540951 0.67539039 1.         0.         0.         0.
 0.         0.         1.         0.         0.         0.        ]
129[0.8676962  0.00032102 0.58737597 0.73812719 0.06414893 0.26941155
 0.16504351 0.67539039 1.         0.         0.         0.
 0.         0.         1.         0.         0.         0.        ]
130[0.84274618 0.87324202 0.14033124 0.52565157 0.01562524 0.25230436
 0.9939592  0.67539039 1.         0.         0.         0.
 0.         0.         1.         0.         0.         0.        ]
131[0.00676016 0.75041274 0.63985087 0.27611961 0.50029755 0.1637468
 0.67316484 0.51208459 1.         0.         0.         0.
 0.         0.         1.         0.         0.         0.        ]
132[0.00676016 0.75041274 0.6398512  0.27611961 0.50029755 0.72988646
 0.67316484 0.51208459 1.         0.         0.         0.
 0.         1.         1.         0.         0.         0.        ]
133[0.94912332 0.00677204 0.38916904 0.52993212 0.01525902 0.76788548
 0.5865212  0.33550417 0.         0.         0.         0.
 0.         0.         1.         0.         0.         0.        ]
134[0.90879126 0.00122294 0.81910826 0.87930218 0.06250095 0.13711696
 0.90225479 0.07668116 1.         0.         0.         0.
 0.         0.         1.         0.         0.         0.        ]
135[0.80381804 0.00122294 0.26627385 0.69644748 0.9500267  0.81079844
 0.90280938 0.91252419 0.         0.         0.         0.
 0.         0.         1.         0.         0.         0.        ]
136[0.90879126 0.00122294 0.81910826 0.87930218 0.06250095 0.11501953
 0.90225479 0.07668116 1.         0.         0.         0.
 0.         0.         1.         0.         0.         0.        ]
137[0.90879126 0.00122294 0.81910826 0.87930218 0.06250095 0.09292211
 0.90225479 0.07668116 1.         0.         0.         0.
 0.         0.         1.         0.         0.         0.        ]
138[0.86429324 0.00677204 0.46136567 0.93545246 0.03125048 0.19481748
 0.90951703 0.23650247 1.         0.         0.         0.
 0.         1.         1.         0.         0.         0.        ]
139[0.76455418 0.00677204 0.79152253 0.72622345 0.0618143  0.36500427
 0.59791388 0.77936884 1.         0.         0.         0.
 0.         0.         1.         0.         0.         0.        ]
140[0.90879126 0.00122294 0.81910826 0.87930218 0.06250095 0.07082469
 0.90225479 0.07668116 1.         0.         0.         0.
 0.         0.         1.         0.         0.         0.        ]
141[0.00676016 0.91826159 0.46124207 0.67651242 0.00210575 0.27205164
 0.77680065 0.58842949 0.         0.         0.         0.
 0.         0.         1.         0.         0.         0.        ]
142[0.90879126 0.00122294 0.81910826 0.87930218 0.06250095 0.04872726
 0.90225479 0.07668116 1.         0.         0.         0.
 0.         0.         1.         0.         0.         0.        ]
143[0.90879126 0.00122294 0.81910826 0.87930218 0.06250095 0.02662984
 0.90225479 0.07668116 1.         0.         0.         0.
 0.         0.         1.         0.         0.         0.        ]
144[0.90879126 0.00122294 0.81910826 0.87930218 0.06250095 0.00453241
 0.90225479 0.07668116 1.         0.         0.         0.
 0.         0.         1.         0.         0.         0.        ]
145[0.00676016 0.782729   0.1595833  0.21132131 0.00369268 0.82659321
 0.76852584 0.5884399  0.         0.         0.         0.
 0.         0.         1.         0.         0.         0.        ]
146[0.90879126 0.00122294 0.81910826 0.87930218 0.06250095 0.98252655
 0.90225479 0.07668116 1.         0.         0.         0.
 0.         0.         1.         0.         0.         0.        ]
147[0.90879126 0.00122294 0.81910826 0.87930218 0.06250095 0.96041387
 0.90225479 0.07668116 1.         0.         0.         0.
 0.         0.         1.         0.         0.         0.        ]
148[0.80381804 0.00122294 0.26627385 0.6964485  0.9500267  0.74395678
 0.90280938 0.91252419 0.         0.         0.         0.
 0.         0.         1.         0.         0.         0.        ]
149[0.90879126 0.00122294 0.81910826 0.87930218 0.06250095 0.93831644
 0.90225479 0.07668116 1.         0.         0.         0.
 0.         0.         1.         0.         0.         0.        ]
150[0.90879126 0.00122294 0.81910826 0.87930218 0.06250095 0.91621902
 0.90225479 0.07668116 1.         0.         0.         0.
 0.         0.         1.         0.         0.         0.        ]
151[0.90879126 0.00122294 0.81910826 0.87930218 0.06250095 0.8941216
 0.90225479 0.07668116 1.         0.         0.         0.
 0.         0.         1.         0.         0.         0.        ]
152[0.86066137 0.00122294 0.43213658 0.97605103 1.         0.18093029
 0.51045536 0.67539039 0.         0.         0.         0.
 0.         0.         1.         0.         0.         0.        ]
153[0.75007248 0.00122294 0.05195346 0.8556703  0.13672084 0.81050848
 0.67315188 0.10444724 1.         0.         0.         0.
 0.         0.         1.         0.         0.         0.        ]
154[0.94912332 0.00677204 0.38916936 0.52993212 0.01525902 0.28162007
 0.5865212  0.33550417 0.         0.         0.         0.
 0.         0.         1.         0.         0.         0.        ]
155[0.75007248 0.00122294 0.05195346 0.85567097 0.13672084 0.76629838
 0.67315188 0.10444724 1.         0.         0.         0.
 0.         0.         1.         0.         0.         0.        ]
156[0.0012208  0.40303595 0.82191313 0.47138694 0.50125887 0.83480344
 0.67316484 0.99280818 1.         0.         0.         0.
 0.         0.         1.         0.         0.         0.        ]
157[0.0012208  0.66898007 0.22248271 0.93577685 0.50127413 0.61859053
 0.67316484 0.81666391 1.         0.         0.         0.
 0.         0.         1.         0.         0.         0.        ]
158[0.0012208  0.40303595 0.82191347 0.47138694 0.50125887 0.82067208
 0.67316484 0.99280818 1.         0.         0.         0.
 0.         1.         1.         0.         0.         0.        ]
159[0.0012208  0.66898007 0.22248305 0.93577685 0.50127413 0.36366134
 0.67316484 0.81666391 1.         0.         0.         0.
 0.         1.         1.         0.         0.         0.        ]
160[0.79487571 0.00677204 0.38408208 0.45084025 0.05967803 0.20925406
 0.90225479 0.33550197 1.         0.         0.         0.
 0.         0.         1.         0.         0.         0.        ]
161[0.79487571 0.00677204 0.38408208 0.45084091 0.05934234 0.16608168
 0.90225479 0.33550197 1.         0.         0.         0.
 0.         0.         1.         0.         0.         0.        ]
162[0.80381804 0.00122294 0.26627385 0.6964502  0.92774853 0.65483457
 0.90280938 0.91252419 0.         0.         0.         0.
 0.         0.         1.         0.         0.         0.        ]
163[0.79487571 0.00677204 0.38408208 0.45084091 0.06001373 0.16541021
 0.90225479 0.33550197 1.         0.         0.         0.
 0.         0.         1.         0.         0.         0.        ]
164[0.94912332 0.00677204 0.38916968 0.52993212 0.01525902 0.56856611
 0.5865212  0.33550417 0.         0.         0.         0.
 0.         0.         1.         0.         0.         0.        ]
165[0.94912332 0.00677204 0.38917    0.52993212 0.01525902 0.23492248
 0.5865212  0.33550417 0.         0.         0.         0.
 0.         0.         1.         0.         0.         0.        ]
166[0.0012208  0.32958298 0.37267843 0.1100721  0.50116732 0.41466243
 0.67316484 1.         1.         0.         0.         0.
 0.         0.         1.         0.         0.         0.        ]
167[0.0012208  0.32958298 0.37267873 0.1100721  0.50116732 0.71873092
 0.67316484 1.         1.         0.         0.         0.
 0.         1.         1.         0.         0.         0.        ]
168[0.94912332 0.00677204 0.38917032 0.52993212 0.01525902 0.53944879
 0.5865212  0.33550417 0.         0.         0.         0.
 0.         0.         1.         0.         0.         0.        ]
169[0.75007248 0.00122294 0.05195346 0.85567152 0.13672084 0.73040532
 0.67315188 0.10444724 1.         0.         0.         0.
 0.         0.         1.         0.         0.         0.        ]
170[0.75007248 0.00122294 0.05195346 0.85567219 0.13672084 0.68621047
 0.67315188 0.10444724 1.         0.         0.         0.
 0.         0.         1.         0.         0.         0.        ]
171[0.80381804 0.00122294 0.26627385 0.6964519  0.90547036 0.56571237
 0.90280938 0.91252419 0.         0.         0.         0.
 0.         0.         1.         0.         0.         0.        ]
172[0.94912332 0.00677204 0.38917064 0.52993212 0.01525902 0.78732755
 0.5865212  0.33550417 0.         0.         0.         0.
 0.         0.         1.         0.         0.         0.        ]
173[0.80381804 0.00122294 0.26627385 0.69645394 0.88319219 0.45430961
 0.90280938 0.91252419 0.         0.         0.         0.
 0.         0.         1.         0.         0.         0.        ]
174[0.39817796 0.00122294 0.8357162  0.25532702 0.0767071  0.86537053
 0.68540951 0.67539039 1.         0.         0.         0.
 0.         0.         1.         0.         0.         0.        ]
175[0.80381804 0.00122294 0.26627385 0.69645462 0.96789502 0.32503663
 0.90280938 0.91252419 0.         0.         0.         0.
 0.         0.         1.         0.         0.         0.        ]
176[0.73931422 0.00677204 0.07939734 0.90258008 1.         0.43891161
 0.80696072 0.67539039 0.         0.         0.         0.
 0.         0.         1.         0.         0.         0.        ]
177[0.94912332 0.00677204 0.38917096 0.52993212 0.01525902 0.10825906
 0.5865212  0.33550417 0.         0.         0.         0.
 0.         0.         1.         0.         0.         0.        ]
178[0.994247   0.00122294 0.41502949 0.71186441 0.13257038 0.03705286
 0.6731648  0.43266447 1.         0.         0.         0.
 0.         0.         1.         0.         0.         0.        ]
179[0.0012208  0.93810383 0.23623427 0.39294671 0.50005341 0.26230009
 0.67316484 0.51220872 1.         0.         0.         0.
 0.         0.         1.         0.         0.         0.        ]
180[0.94912332 0.00677204 0.38917127 0.52993212 0.01525902 0.93242583
 0.5865212  0.33550417 0.         0.         0.         0.
 0.         0.         1.         0.         0.         0.        ]
181[0.0012208  0.93810383 0.2362346  0.39294671 0.50005341 0.24218655
 0.67316484 0.51220872 1.         0.         0.         0.
 0.         1.         1.         0.         0.         0.        ]
182[0.0012208  0.93810383 0.23623493 0.39294671 0.50005341 0.09803443
 0.67316484 0.51220872 1.         0.         0.         0.
 0.         0.         1.         0.         0.         0.        ]
183[0.0012208  0.93810383 0.23623525 0.39294671 0.50005341 0.98475461
 0.67316484 0.51220872 1.         0.         0.         0.
 0.         1.         1.         0.         0.         0.        ]
184[0.00033572 0.95861869 0.66906864 0.67303618 0.02771038 0.86144854
 0.58650566 0.80975058 1.         0.         0.         0.
 0.         0.         1.         0.         0.         0.        ]
185[0.00033572 0.95861869 0.66906897 0.67303618 0.02771038 0.45012819
 0.58650566 0.80975058 1.         0.         0.         0.
 0.         0.         1.         0.         0.         0.        ]
186[0.00033572 0.95861869 0.66906963 0.67303618 0.02771038 0.65468197
 0.58650566 0.80975058 1.         0.         0.         0.
 0.         0.         1.         0.         0.         0.        ]
187[0.94912332 0.00677204 0.38917159 0.52993212 0.01525902 0.16881333
 0.5865212  0.33550417 0.         0.         0.         0.
 0.         0.         1.         0.         0.         0.        ]
188[0.00033572 0.95861869 0.66907029 0.67303618 0.02771038 0.80382432
 0.58650566 0.80975058 1.         0.         0.         0.
 0.         0.         1.         0.         0.         0.        ]
189[0.00033572 0.95861869 0.66907062 0.67303618 0.02771038 0.14819619
 0.58650566 0.80975058 1.         0.         0.         0.
 0.         0.         1.         0.         0.         0.        ]
190[0.00033572 0.95861869 0.66907161 0.67303618 0.02771038 0.47910817
 0.58650566 0.80975058 1.         0.         0.         0.
 0.         0.         1.         0.         0.         0.        ]
191[0.7908013  0.00677204 0.05149128 0.89328338 0.03125048 0.1076639
 0.59791388 0.05867385 1.         0.         0.         0.
 0.         0.         1.         0.         0.         0.        ]
192[0.0012208  0.40303595 0.82191381 0.47138694 0.50125887 0.77029667
 0.67316484 0.99280818 1.         0.         0.         0.
 0.         0.         1.         0.         0.         0.        ]
193[0.0012208  0.40303595 0.82191415 0.47138694 0.50125887 0.69411549
 0.67316484 0.99280818 1.         0.         0.         0.
 0.         1.         1.         0.         0.         0.        ]
194[0.94912332 0.00677204 0.38917191 0.52993212 0.01525902 0.97785679
 0.5865212  0.33550417 0.         0.         0.         0.
 0.         0.         1.         0.         0.         0.        ]
195[0.00676016 0.75388284 0.47257243 0.68325778 0.11778439 0.15939751
 0.96613505 0.5884298  0.         0.         0.         0.
 0.         0.         1.         0.         0.         0.        ]
196[0.7908013  0.00677204 0.05149128 0.89328339 0.03123522 0.64256501
 0.59791388 0.05867385 1.         0.         0.         0.
 0.         0.         1.         0.         0.         0.        ]
197[0.94912332 0.00677204 0.38917223 0.52993212 0.01525902 0.41963741
 0.5865212  0.33550417 0.         0.         0.         0.
 0.         0.         1.         0.         0.         0.        ]
198[0.39817796 0.00122294 0.8357162  0.25532793 0.0767071  0.80585399
 0.68540951 0.67539039 1.         0.         0.         0.
 0.         0.         1.         0.         0.         0.        ]
199[0.00676016 0.87452611 0.53552731 0.15325094 0.50127413 0.04987181
 0.67316484 0.97889772 1.         0.         0.         0.
 0.         0.         1.         0.         0.         0.        ]
200[0.00676016 0.87452611 0.53552765 0.15325094 0.50127413 0.9812294
 0.67316484 0.97889772 1.         0.         0.         0.
 0.         1.         1.         0.         0.         0.        ]
201[0.85432849 0.00122294 0.83666282 0.43080504 0.00552377 0.09296789
 0.90225479 0.07668116 1.         0.         0.         0.
 0.         0.         1.         0.         0.         0.        ]
202[0.85432849 0.00122294 0.83666282 0.43080571 0.00517281 0.04912404
 0.90225479 0.07668116 1.         0.         0.         0.
 0.         0.         1.         0.         0.         0.        ]
203[0.27501488 0.00677204 0.01197879 0.5499747  1.         0.24826029
 0.80696072 0.67539039 0.         0.         0.         0.
 0.         0.         1.         0.         0.         0.        ]
204[0.27501488 0.00677204 0.01197879 0.54997535 0.98649577 0.21897509
 0.80696072 0.67539039 0.         0.         0.         0.
 0.         0.         1.         0.         0.         0.        ]
205[0.00033572 0.95861869 0.66907194 0.67303619 0.02771038 0.81714687
 0.58650566 0.80975058 1.         0.         0.         0.
 0.         0.         1.         0.         0.         0.        ]
206[0.00033572 0.95861869 0.66907227 0.67303619 0.02771038 0.73373215
 0.58650566 0.80975058 1.         0.         0.         0.
 0.         0.         1.         0.         0.         0.        ]
207[0.00033572 0.95861869 0.66907325 0.67303619 0.02771038 0.22057746
 0.58650566 0.80975058 1.         0.         0.         0.
 0.         0.         1.         0.         0.         0.        ]
208[0.94912332 0.00677204 0.38917255 0.52993212 0.01525902 0.3777927
 0.5865212  0.33550417 0.         0.         0.         0.
 0.         0.         1.         0.         0.         0.        ]
209[0.94912332 0.00677204 0.38917287 0.52993212 0.01525902 0.15991637
 0.5865212  0.33550417 0.         0.         0.         0.
 0.         0.         1.         0.         0.         0.        ]
210[0.85086448 0.00677204 0.04399369 0.46391533 0.03125048 0.78802954
 0.90225479 0.33551482 0.         0.         0.         0.
 0.         0.         1.         0.         0.         0.        ]
211[0.0012208  0.34763666 0.37079634 0.67840441 0.50130465 0.72617812
 0.67316484 0.90562201 1.         0.         0.         0.
 0.         0.         1.         0.         0.         0.        ]
212[0.0012208  0.34763666 0.37079667 0.67840441 0.50130465 0.29417959
 0.67316484 0.90562201 1.         0.         0.         0.
 0.         1.         1.         0.         0.         0.        ]
213[0.90879126 0.00122294 0.81910826 0.87930218 0.06250095 0.87199365
 0.90225479 0.07668116 1.         0.         0.         0.
 0.         0.         1.         0.         0.         0.        ]
214[0.39759808 0.00677204 0.93319385 0.41818484 1.         0.05364119
 0.90551914 0.91252419 0.         0.         0.         0.
 0.         1.         1.         0.         0.         0.        ]
215[0.85432849 0.00122294 0.83666282 0.43080639 0.00482185 0.00524966
 0.90225479 0.07668116 1.         0.         0.         0.
 0.         0.         1.         0.         0.         0.        ]
216[0.85432849 0.00122294 0.83666282 0.43080639 0.00552377 0.00453241
 0.90225479 0.07668116 1.         0.         0.         0.
 0.         0.         1.         0.         0.         0.        ]
217[0.85432849 0.00122294 0.83666282 0.43080706 0.00482185 0.96114638
 0.90225479 0.07668116 1.         0.         0.         0.
 0.         0.         1.         0.         0.         0.        ]
218[0.85432849 0.00122294 0.83666282 0.43080706 0.00552377 0.96044439
 0.90225479 0.07668116 1.         0.         0.         0.
 0.         0.         1.         0.         0.         0.        ]
219[0.85432849 0.00122294 0.83666282 0.43080773 0.00482185 0.91693627
 0.90225479 0.07668116 1.         0.         0.         0.
 0.         0.         1.         0.         0.         0.        ]
220[0.3470266  0.00122294 0.67840441 0.37079592 0.00784314 0.99592541
 0.90263779 0.67539039 1.         0.         0.         0.
 0.         0.         1.         0.         0.         0.        ]
221[0.85432849 0.00122294 0.83666282 0.43080841 0.00413519 0.87342815
 0.90225479 0.07668116 1.         0.         0.         0.
 0.         0.         1.         0.         0.         0.        ]
222[0.83476523 0.00677204 0.91524184 0.56269132 0.50000763 0.11291356
 0.72841001 0.33551031 1.         0.         0.         0.
 0.         0.         1.         0.         0.         0.        ]
223[0.83476523 0.00677204 0.91524184 0.56269132 0.50000763 0.09106031
 0.72841001 0.33551031 1.         0.         0.         0.
 0.         0.         1.         0.         0.         0.        ]
224[0.83476523 0.00677204 0.91524184 0.56269132 0.50000763 0.06920706
 0.72841001 0.33551031 1.         0.         0.         0.
 0.         0.         1.         0.         0.         0.        ]
225[0.83476523 0.00677204 0.91524184 0.56269132 0.50000763 0.0473538
 0.72841001 0.33551031 1.         0.         0.         0.
 0.         0.         1.         0.         0.         0.        ]
226[0.84274618 0.87324202 0.14033124 0.52565157 0.01562524 0.2307258
 0.9939592  0.67539039 1.         0.         0.         0.
 0.         0.         1.         0.         0.         0.        ]
227[0.85432849 0.00122294 0.83666282 0.43080841 0.00552377 0.87203943
 0.90225479 0.07668116 1.         0.         0.         0.
 0.         0.         1.         0.         0.         0.        ]
228[0.85432849 0.00122294 0.83666282 0.43080908 0.00482185 0.82853131
 0.90225479 0.07668116 1.         0.         0.         0.
 0.         0.         1.         0.         0.         0.        ]
229[0.85432849 0.00122294 0.83666282 0.43080909 0.00482185 0.8281498
 0.90225479 0.07668116 1.         0.         0.         0.
 0.         0.         1.         0.         0.         0.        ]
230[0.85086448 0.00677204 0.04399381 0.46391533 0.03125048 0.76515383
 0.90225479 0.33551482 0.         0.         0.         0.
 0.         0.         1.         0.         0.         0.        ]
231[0.85432849 0.00122294 0.83666282 0.43080909 0.00552377 0.82744781
 0.90225479 0.07668116 1.         0.         0.         0.
 0.         0.         1.         0.         0.         0.        ]
232[0.994247   0.00122294 0.41502949 0.71186508 0.13257038 0.99294958
 0.6731648  0.43266447 1.         0.         0.         0.
 0.         0.         1.         0.         0.         0.        ]
233[0.83476523 0.00677204 0.91524184 0.56269132 0.50000763 0.02550055
 0.72841001 0.33551031 1.         0.         0.         0.
 0.         0.         1.         0.         0.         0.        ]
234[0.83476523 0.00677204 0.91524184 0.56269132 0.50000763 0.0036473
 0.72841001 0.33551031 1.         0.         0.         0.
 0.         0.         1.         0.         0.         0.        ]
235[0.83476523 0.00677204 0.91524184 0.56269132 0.50000763 0.98190087
 0.72841001 0.33551031 1.         0.         0.         0.
 0.         0.         1.         0.         0.         0.        ]
236[0.0012208  0.40303595 0.82191449 0.47138694 0.50125887 0.8383897
 0.67316484 0.99280818 1.         0.         0.         0.
 0.         0.         1.         0.         0.         0.        ]
237[0.0012208  0.40303595 0.82191483 0.47138694 0.50125887 0.16006898
 0.67316484 0.99280818 1.         0.         0.         0.
 0.         1.         1.         0.         0.         0.        ]
238[0.0012208  0.40303595 0.82191517 0.47138694 0.50125887 0.99603223
 0.67316484 0.99280818 1.         0.         0.         0.
 0.         0.         1.         0.         0.         0.        ]
239[0.0012208  0.40303595 0.82191585 0.47138694 0.50125887 0.04683494
 0.67316484 0.99280818 1.         0.         0.         0.
 0.         0.         1.         0.         0.         0.        ]
240[0.83476523 0.00677204 0.91524184 0.56269132 0.50000763 0.96004761
 0.72841001 0.33551031 1.         0.         0.         0.
 0.         0.         1.         0.         0.         0.        ]
241[0.0012208  0.40303595 0.82191619 0.47138694 0.50125887 0.5318032
 0.67316484 0.99280818 1.         0.         0.         0.
 0.         1.         1.         0.         0.         0.        ]
242[0.3470266  0.00122294 0.67840441 0.37079634 0.00773632 0.96818154
 0.90263779 0.67539039 1.         0.         0.         0.
 0.         0.         1.         0.         0.         0.        ]
243[0.0012208  0.93810383 0.23623558 0.39294671 0.50005341 0.79558357
 0.67316484 0.51220872 1.         0.         0.         0.
 0.         0.         1.         0.         0.         0.        ]
244[0.0012208  0.93810383 0.23623591 0.39294671 0.50005341 0.46198572
 0.67316484 0.51220872 1.         0.         0.         0.
 0.         1.         1.         0.         0.         0.        ]
245[0.83476523 0.00677204 0.91524184 0.56269132 0.50000763 0.93819436
 0.72841001 0.33551031 1.         0.         0.         0.
 0.         0.         1.         0.         0.         0.        ]
246[0.83476523 0.00677204 0.91524184 0.56269132 0.50000763 0.91634111
 0.72841001 0.33551031 1.         0.         0.         0.
 0.         0.         1.         0.         0.         0.        ]
247[0.83476523 0.00677204 0.91524184 0.56269132 0.50000763 0.89448785
 0.72841001 0.33551031 1.         0.         0.         0.
 0.         0.         1.         0.         0.         0.        ]
248[0.85086448 0.00677204 0.04399393 0.46391533 0.03125048 0.59840068
 0.90225479 0.33551482 0.         0.         0.         0.
 0.         0.         1.         0.         0.         0.        ]
249[0.90935588 0.00677204 0.12493257 0.         1.         0.42032414
 0.90225479 0.24570308 1.         0.         0.         1.
 0.         0.         0.         0.         0.         0.        ]
250[0.0012208  0.40303595 0.82191653 0.47138694 0.50125887 0.22552191
 0.67316484 0.99280818 1.         0.         0.         0.
 0.         0.         1.         0.         0.         0.        ]
251[0.0012208  0.40303595 0.82191687 0.47138694 0.50125887 0.51486387
 0.67316484 0.99280818 1.         0.         0.         0.
 0.         1.         1.         0.         0.         0.        ]
252[0.0012208  0.92134952 0.86379961 0.11382742 0.0018616  0.05213039
 0.67315735 0.97732155 1.         0.         0.         0.
 0.         0.         1.         0.         0.         0.        ]
253[0.00033572 0.95861869 0.66907358 0.67303619 0.02771038 0.69211635
 0.58650566 0.80975058 1.         0.         0.         0.
 0.         0.         1.         0.         0.         0.        ]
254[0.00033572 0.95861869 0.66907424 0.67303619 0.02771038 0.25763033
 0.58650566 0.80975058 1.         0.         0.         0.
 0.         0.         1.         0.         0.         0.        ]
255[0.00033572 0.95861869 0.66907457 0.67303619 0.02771038 0.67629105
 0.58650566 0.80975058 1.         0.         0.         0.
 0.         0.         1.         0.         0.         0.        ]
256[0.85432849 0.00122294 0.83666282 0.43080975 0.00518807 0.78432121
 0.90225479 0.07668116 1.         0.         0.         0.
 0.         0.         1.         0.         0.         0.        ]
257[0.66780608 0.07982757 0.69027358 0.25552793 0.06250095 0.33959529
 0.58651135 0.33551484 1.         0.         0.         0.
 0.         1.         1.         0.         0.         0.        ]
258[0.0012208  0.93810383 0.23623623 0.39294671 0.50005341 0.22286656
 0.67316484 0.51220872 1.         0.         0.         0.
 0.         0.         1.         0.         0.         0.        ]
259[0.0012208  0.93810383 0.23623656 0.39294671 0.50005341 0.7691216
 0.67316484 0.51220872 1.         0.         0.         0.
 0.         1.         1.         0.         0.         0.        ]
260[0.0012208  0.92134952 0.86380026 0.11382742 0.0018616  0.65217922
 0.67315735 0.97732155 1.         0.         0.         0.
 0.         0.         1.         0.         0.         0.        ]
261[0.0012208  0.92134952 0.86380059 0.11382742 0.0018616  0.4348828
 0.67315735 0.97732155 1.         0.         0.         0.
 0.         0.         1.         0.         0.         0.        ]
262[0.89079977 0.00677204 0.53673477 0.60055593 0.00540169 0.29057807
 0.90225479 0.33550995 1.         0.         0.         0.
 0.         0.         1.         0.         0.         0.        ]
263[0.89079977 0.00677204 0.53673477 0.60055626 0.00556954 0.26874008
 0.90225479 0.33550995 1.         0.         0.         0.
 0.         0.         1.         0.         0.         0.        ]
264[0.79487571 0.00677204 0.38408208 0.45084157 0.05934234 0.12269564
 0.90225479 0.33550197 1.         0.         0.         0.
 0.         0.         1.         0.         0.         0.        ]
265[0.89079977 0.00677204 0.53673477 0.60055659 0.00575265 0.24688683
 0.90225479 0.33550995 1.         0.         0.         0.
 0.         0.         1.         0.         0.         0.        ]
266[0.89079977 0.00677204 0.53673477 0.60055663 0.0059205  0.24442986
 0.90225479 0.33550995 1.         0.         0.         0.
 0.         0.         1.         0.         0.         0.        ]
267[0.79487571 0.00677204 0.38408208 0.45084157 0.06001373 0.12202417
 0.90225479 0.33550197 1.         0.         0.         0.
 0.         0.         1.         0.         0.         0.        ]
268[0.79487571 0.00677204 0.38408208 0.45084223 0.05967803 0.07895861
 0.90225479 0.33550197 1.         0.         0.         0.
 0.         0.         1.         0.         0.         0.        ]
269[0.00676016 0.40282194 0.28542712 0.28872018 0.01007095 0.89250397
 0.94470244 0.73057748 1.         0.         0.         0.
 0.         1.         1.         0.         0.         0.        ]
270[0.83476523 0.00677204 0.91524184 0.56269132 0.50000763 0.8726346
 0.72841001 0.33551031 1.         0.         0.         0.
 0.         0.         1.         0.         0.         0.        ]
271[0.91065297 0.00677204 0.66052371 0.73688738 0.01565576 0.70156269
 0.58651522 0.33551483 1.         0.         0.         0.
 0.         0.         1.         0.         0.         0.        ]
272[0.83476523 0.00677204 0.91524184 0.56269132 0.50000763 0.85078135
 0.72841001 0.33551031 1.         0.         0.         0.
 0.         0.         1.         0.         0.         0.        ]
273[0.83476523 0.00677204 0.91524184 0.56269132 0.50000763 0.83027103
 0.72841001 0.33551031 1.         0.         0.         0.
 0.         0.         1.         0.         0.         0.        ]
274[0.0012208  0.40303595 0.82191721 0.47138694 0.50125887 0.64166463
 0.67316484 0.99280818 1.         0.         0.         0.
 0.         0.         1.         0.         0.         0.        ]
275[0.0012208  0.40303595 0.82191755 0.47138694 0.50125887 0.46381699
 0.67316484 0.99280818 1.         0.         0.         0.
 0.         1.         1.         0.         0.         0.        ]
276[0.0012208  0.40303595 0.82191789 0.47138694 0.50125887 0.38270663
 0.67316484 0.99280818 1.         0.         0.         0.
 0.         0.         1.         0.         0.         0.        ]
277[0.994247   0.00122294 0.41502949 0.71186576 0.13257038 0.94873947
 0.6731648  0.43266447 1.         0.         0.         0.
 0.         0.         1.         0.         0.         0.        ]
278[0.0012208  0.40303595 0.82191823 0.47138694 0.50125887 0.64000122
 0.67316484 0.99280818 1.         0.         0.         0.
 0.         1.         1.         0.         0.         0.        ]
279[0.76455418 0.00677204 0.79152253 0.72622609 0.0618143  0.1915517
 0.59791388 0.77936884 1.         0.         0.         0.
 0.         0.         1.         0.         0.         0.        ]
280[0.00033572 0.95861869 0.66907523 0.67303619 0.02771038 0.80269503
 0.58650566 0.80975058 1.         0.         0.         0.
 0.         0.         1.         0.         0.         0.        ]
281[0.00033572 0.95861869 0.66907556 0.67303619 0.02771038 0.65137041
 0.58650566 0.80975058 1.         0.         0.         0.
 0.         0.         1.         0.         0.         0.        ]
282[0.00033572 0.95861869 0.66907622 0.67303619 0.02771038 0.28485533
 0.58650566 0.80975058 1.         0.         0.         0.
 0.         0.         1.         0.         0.         0.        ]
283[0.0012208  0.75256818 0.32740969 0.4822987  0.50067903 0.6343853
 0.67316484 0.55449288 1.         0.         0.         0.
 0.         0.         1.         0.         0.         0.        ]
284[0.0012208  0.75256818 0.32741001 0.4822987  0.50067903 0.33787083
 0.67316484 0.55449288 1.         0.         0.         0.
 0.         1.         1.         0.         0.         0.        ]
285[0.86066137 0.00122294 0.43213658 0.97605187 1.         0.12525943
 0.51045536 0.67539039 0.         0.         0.         0.
 0.         0.         1.         0.         0.         0.        ]
286[0.0012208  0.75256818 0.32741034 0.4822987  0.50067903 0.47900134
 0.67316484 0.55449288 1.         0.         0.         0.
 0.         0.         1.         0.         0.         0.        ]
287[0.0012208  0.75256818 0.32741066 0.4822987  0.50067903 0.88746795
 0.67316484 0.55449288 1.         0.         0.         0.
 0.         1.         1.         0.         0.         0.        ]
288[0.0012208  0.75256818 0.32741099 0.4822987  0.50067903 0.35760286
 0.67316484 0.55449288 1.         0.         0.         0.
 0.         0.         1.         0.         0.         0.        ]
289[0.0012208  0.75256818 0.32741132 0.4822987  0.50067903 0.96277927
 0.67316484 0.55449288 1.         0.         0.         0.
 0.         1.         1.         0.         0.         0.        ]
290[0.0012208  0.75256818 0.32741197 0.4822987  0.50067903 0.25889696
 0.67316484 0.55449288 1.         0.         0.         0.
 0.         1.         1.         0.         0.         0.        ]
291[0.0012208  0.75256818 0.32741262 0.4822987  0.50067903 0.37907459
 0.67316484 0.55449288 1.         0.         0.         0.
 0.         1.         1.         0.         0.         0.        ]
292[0.00676016 0.75388284 0.47257243 0.68325838 0.11778439 0.11958247
 0.96613505 0.5884298  0.         0.         0.         0.
 0.         0.         1.         0.         0.         0.        ]
293[0.0012208  0.75256818 0.32741295 0.4822987  0.50067903 0.6137529
 0.67316484 0.55449288 1.         0.         0.         0.
 0.         0.         1.         0.         0.         0.        ]
294[0.0012208  0.75256818 0.32741327 0.4822987  0.50067903 0.94239104
 0.67316484 0.55449288 1.         0.         0.         0.
 0.         1.         1.         0.         0.         0.        ]
295[0.79487571 0.00677204 0.38408208 0.45084289 0.05934234 0.03586253
 0.90225479 0.33550197 1.         0.         0.         0.
 0.         0.         1.         0.         0.         0.        ]
296[0.79487571 0.00677204 0.38408208 0.45084289 0.06001373 0.0351758
 0.90225479 0.33550197 1.         0.         0.         0.
 0.         0.         1.         0.         0.         0.        ]
297[0.0012208  0.39892381 0.65609786 0.36875244 0.50087739 0.71041387
 0.67316484 0.68767554 1.         0.         0.         0.
 0.         0.         1.         0.         0.         0.        ]
298[0.0012208  0.39892381 0.65609817 0.36875244 0.50087739 0.9283665
 0.67316484 0.68767554 1.         0.         0.         0.
 0.         0.         1.         0.         0.         0.        ]
299[0.0012208  0.39892381 0.65609847 0.36875244 0.50087739 0.18338725
 0.67316484 0.68767554 1.         0.         0.         0.
 0.         1.         1.         0.         0.         0.        ]
300[0.8432345  0.00677204 0.69408338 0.09467174 0.25000381 0.45266146
 0.90225479 0.52676791 1.         0.         0.         0.
 0.         0.         1.         0.         0.         0.        ]
301[0.8432345  0.00677204 0.69408338 0.09467174 0.25000381 0.43038091
 0.90225479 0.52676791 1.         0.         0.         0.
 0.         0.         1.         0.         0.         0.        ]
302[0.0012208  0.40303595 0.8219185  0.47138694 0.50125887 0.75836284
 0.67316484 0.99280818 1.         0.         0.         0.
 0.         0.         1.         0.         0.         0.        ]
303[0.0012208  0.40303595 0.82191884 0.47138694 0.50125887 0.33314003
 0.67316484 0.99280818 1.         0.         0.         0.
 0.         1.         1.         0.         0.         0.        ]
304[0.0012208  0.94700073 0.78554325 0.59147631 0.0018616  0.69237578
 0.67315735 0.98775456 1.         0.         0.         0.
 0.         0.         1.         0.         0.         0.        ]
305[0.8432345  0.00677204 0.69408338 0.09467174 0.25000381 0.40810035
 0.90225479 0.52676791 1.         0.         0.         0.
 0.         0.         1.         0.         0.         0.        ]
306[0.0012208  0.94700073 0.78554358 0.59147631 0.0018616  0.32956904
 0.67315735 0.98775456 1.         0.         0.         0.
 0.         0.         1.         0.         0.         0.        ]
307[0.0012208  0.94700073 0.78554423 0.59147631 0.0018616  0.4232847
 0.67315735 0.98775456 1.         0.         0.         0.
 0.         0.         1.         0.         0.         0.        ]
308[0.8432345  0.00677204 0.69408338 0.09467174 0.25000381 0.3858198
 0.90225479 0.52676791 1.         0.         0.         0.
 0.         0.         1.         0.         0.         0.        ]
309[0.8432345  0.00677204 0.69408338 0.09467174 0.25000381 0.36353925
 0.90225479 0.52676791 1.         0.         0.         0.
 0.         0.         1.         0.         0.         0.        ]
310[0.8432345  0.00677204 0.69408338 0.09467174 0.25000381 0.3412587
 0.90225479 0.52676791 1.         0.         0.         0.
 0.         0.         1.         0.         0.         0.        ]
311[0.00676016 0.92188455 0.05985936 0.99335788 0.00422675 0.16328898
 0.15915177 0.58842806 0.         0.         0.         0.
 0.         1.         1.         0.         0.         0.        ]
312[0.0012208  0.34763666 0.37079699 0.67840441 0.50130465 0.36579783
 0.67316484 0.90562201 1.         0.         0.         0.
 0.         0.         1.         0.         0.         0.        ]
313[0.0012208  0.34763666 0.37079732 0.67840441 0.50130465 0.84817177
 0.67316484 0.90562201 1.         0.         0.         0.
 0.         1.         1.         0.         0.         0.        ]
314[0.83476523 0.00677204 0.91524184 0.56269132 0.50000763 0.80841778
 0.72841001 0.33551031 1.         0.         0.         0.
 0.         0.         1.         0.         0.         0.        ]
315[0.83476523 0.00677204 0.91524184 0.56269132 0.50000763 0.78656452
 0.72841001 0.33551031 1.         0.         0.         0.
 0.         0.         1.         0.         0.         0.        ]
316[0.00676016 0.27866271 0.54690956 0.70846899 0.50040436 0.28622879
 0.67316484 1.         1.         0.         0.         0.
 0.         1.         1.         0.         0.         0.        ]
317[0.83476523 0.00677204 0.91524184 0.56269132 0.50000763 0.76471127
 0.72841001 0.33551031 1.         0.         0.         0.
 0.         0.         1.         0.         0.         0.        ]
318[0.83476523 0.00677204 0.91524184 0.56269132 0.50000763 0.74285801
 0.72841001 0.33551031 1.         0.         0.         0.
 0.         0.         1.         0.         0.         0.        ]
319[0.83476523 0.00677204 0.91524184 0.56269132 0.50000763 0.72100476
 0.72841001 0.33551031 1.         0.         0.         0.
 0.         0.         1.         0.         0.         0.        ]
320[0.83476523 0.00677204 0.91524184 0.56269132 0.50000763 0.69915151
 0.72841001 0.33551031 1.         0.         0.         0.
 0.         0.         1.         0.         0.         0.        ]
321[0.0012208  0.39892381 0.65609877 0.36875244 0.50087739 0.98885972
 0.67316484 0.68767554 1.         0.         0.         0.
 0.         0.         1.         0.         0.         0.        ]
322[0.0012208  0.39892381 0.65609907 0.36875244 0.50087739 0.24865706
 0.67316484 0.68767554 1.         0.         0.         0.
 0.         0.         1.         0.         0.         0.        ]
323[0.0012208  0.39892381 0.65609938 0.36875244 0.50087739 0.62208522
 0.67316484 0.68767554 1.         0.         0.         0.
 0.         0.         1.         0.         0.         0.        ]
324[0.00676016 0.27866271 0.54690988 0.70846899 0.50040436 0.39816567
 0.67316484 1.         1.         0.         0.         0.
 0.         1.         1.         0.         0.         0.        ]
325[0.0012208  0.39892381 0.65609968 0.36875244 0.50087739 0.25471554
 0.67316484 0.68767554 1.         0.         0.         0.
 0.         1.         1.         0.         0.         0.        ]
326[0.60981825 0.00677204 0.92025523 0.29418687 0.12466621 0.50494445
 0.90225479 0.33551077 1.         0.         0.         0.
 0.         0.         1.         0.         0.         0.        ]
327[0.00676016 0.27866271 0.5469102  0.70846899 0.50040436 0.27026615
 0.67316484 1.         1.         0.         0.         0.
 0.         1.         1.         0.         0.         0.        ]
328[0.00676016 0.27866271 0.54691052 0.70846899 0.50040436 0.16240386
 0.67316484 1.         1.         0.         0.         0.
 0.         1.         1.         0.         0.         0.        ]
329[0.00676016 0.27866271 0.54691084 0.70846899 0.50040436 0.26365828
 0.67316484 1.         1.         0.         0.         0.
 0.         1.         1.         0.         0.         0.        ]
330[0.00676016 0.27866271 0.54691116 0.70846899 0.50040436 0.54224148
 0.67316484 1.         1.         0.         0.         0.
 0.         1.         1.         0.         0.         0.        ]
331[0.0012208  0.9050691  0.39292728 0.37806333 0.50029755 0.80750214
 0.67316484 0.68567137 1.         0.         0.         0.
 0.         0.         1.         0.         0.         0.        ]
332[0.0012208  0.9050691  0.39292761 0.37806333 0.50029755 0.28520632
 0.67316484 0.68567137 1.         0.         0.         0.
 0.         0.         1.         0.         0.         0.        ]
333[0.0012208  0.9050691  0.39292794 0.37806333 0.50029755 0.56989379
 0.67316484 0.68567137 1.         0.         0.         0.
 0.         0.         1.         0.         0.         0.        ]
334[0.0012208  0.9050691  0.39292893 0.37806333 0.50029755 0.98008485
 0.67316484 0.68567137 1.         0.         0.         0.
 0.         0.         1.         0.         0.         0.        ]
335[0.0012208  0.9050691  0.39292992 0.37806333 0.50029755 0.96467159
 0.67316484 0.68567137 1.         0.         0.         0.
 0.         0.         1.         0.         0.         0.        ]
336[0.0012208  0.9050691  0.39293024 0.37806333 0.50029755 0.87152057
 0.67316484 0.68567137 1.         0.         0.         0.
 0.         0.         1.         0.         0.         0.        ]
337[0.0012208  0.9050691  0.39293057 0.37806333 0.50029755 0.1325235
 0.67316484 0.68567137 1.         0.         0.         0.
 0.         0.         1.         0.         0.         0.        ]
338[0.0012208  0.9050691  0.3929309  0.37806333 0.50029755 0.42680991
 0.67316484 0.68567137 1.         0.         0.         0.
 0.         1.         1.         0.         0.         0.        ]
339[0.83476523 0.00677204 0.91524184 0.56269132 0.50000763 0.67729825
 0.72841001 0.33551031 1.         0.         0.         0.
 0.         0.         1.         0.         0.         0.        ]
340[0.83476523 0.00677204 0.91524184 0.56269132 0.50000763 0.655445
 0.72841001 0.33551031 1.         0.         0.         0.
 0.         0.         1.         0.         0.         0.        ]
341[0.83476523 0.00677204 0.91524184 0.56269132 0.50000763 0.63359175
 0.72841001 0.33551031 1.         0.         0.         0.
 0.         0.         1.         0.         0.         0.        ]
342[0.83476523 0.00677204 0.91524184 0.56269132 0.50000763 0.61173849
 0.72841001 0.33551031 1.         0.         0.         0.
 0.         0.         1.         0.         0.         0.        ]
343[0.84274618 0.87324202 0.14033124 0.52565157 0.01562524 0.20914723
 0.9939592  0.67539039 1.         0.         0.         0.
 0.         0.         1.         0.         0.         0.        ]
344[0.83476523 0.00677204 0.91524184 0.56269132 0.50000763 0.58988524
 0.72841001 0.33551031 1.         0.         0.         0.
 0.         0.         1.         0.         0.         0.        ]
345[0.00676016 0.27866271 0.54691148 0.70846899 0.50040436 0.81056953
 0.67316484 1.         1.         0.         0.         0.
 0.         1.         1.         0.         0.         0.        ]
346[0.00676016 0.27866271 0.5469118  0.70846899 0.50040436 0.81881028
 0.67316484 1.         1.         0.         0.         0.
 0.         1.         1.         0.         0.         0.        ]
347[0.00676016 0.27866271 0.54691212 0.70846899 0.50040436 0.74511659
 0.67316484 1.         1.         0.         0.         0.
 0.         1.         1.         0.         0.         0.        ]
348[0.00676016 0.27866271 0.54691244 0.70846899 0.50040436 0.34064827
 0.67316484 1.         1.         0.         0.         0.
 0.         1.         1.         0.         0.         0.        ]
349[0.0012208  0.40303595 0.82191918 0.47138694 0.50125887 0.47213405
 0.67316484 0.99280818 1.         0.         0.         0.
 0.         0.         1.         0.         0.         0.        ]
350[0.0012208  0.39892381 0.65609998 0.36875244 0.50087739 0.86492797
 0.67316484 0.68767554 1.         0.         0.         0.
 0.         0.         1.         0.         0.         0.        ]
351[0.0012208  0.39892381 0.65610028 0.36875244 0.50087739 0.72530827
 0.67316484 0.68767554 1.         0.         0.         0.
 0.         0.         1.         0.         0.         0.        ]
352[0.0012208  0.39892381 0.65610059 0.36875244 0.50087739 0.38188255
 0.67316484 0.68767554 1.         0.         0.         0.
 0.         1.         1.         0.         0.         0.        ]
353[0.00676016 0.27866271 0.54691276 0.70846899 0.50040436 0.06331644
 0.67316484 1.         1.         0.         0.         0.
 0.         0.         1.         0.         0.         0.        ]
354[0.00676016 0.27866271 0.54691307 0.70846899 0.50040436 0.56871872
 0.67316484 1.         1.         0.         0.         0.
 0.         1.         1.         0.         0.         0.        ]
355[0.86066137 0.00122294 0.43213658 0.9760522  1.         0.9813057
 0.51045536 0.67539039 0.         0.         0.         0.
 0.         0.         1.         0.         0.         0.        ]
356[0.86066137 0.00122294 0.43213658 0.9760522  1.         0.97279026
 0.51045536 0.67539039 0.         0.         0.         0.
 0.         0.         1.         0.         0.         0.        ]
357[0.0012208  0.92134952 0.86380092 0.11382742 0.0018616  0.99822976
 0.67315735 0.97732155 1.         0.         0.         0.
 0.         0.         1.         0.         0.         0.        ]
358[0.0012208  0.92134952 0.86380124 0.11382742 0.0018616  0.06931388
 0.67315735 0.97732155 1.         0.         0.         0.
 0.         0.         1.         0.         0.         0.        ]
359[0.0012208  0.92134952 0.8638019  0.11382742 0.0018616  0.7630326
 0.67315735 0.97732155 1.         0.         0.         0.
 0.         0.         1.         0.         0.         0.        ]
360[0.0012208  0.92134952 0.86380222 0.11382742 0.0018616  0.44600781
 0.67315735 0.97732155 1.         0.         0.         0.
 0.         0.         1.         0.         0.         0.        ]
361[0.0012208  0.92134952 0.8638032  0.11382742 0.0018616  0.34464656
 0.67315735 0.97732155 1.         0.         0.         0.
 0.         0.         1.         0.         0.         0.        ]
362[0.90421327 0.00122294 0.58012234 0.39226449 0.06111238 0.13638445
 0.94290431 0.67539039 0.         0.         0.         0.
 0.         0.         1.         0.         0.         0.        ]
363[0.0012208  0.92134952 0.86380353 0.11382742 0.0018616  0.82650165
 0.67315735 0.97732155 1.         0.         0.         0.
 0.         0.         1.         0.         0.         0.        ]
364[0.0012208  0.92134952 0.86380385 0.11382742 0.0018616  0.24536076
 0.67315735 0.97732155 1.         0.         0.         0.
 0.         0.         1.         0.         0.         0.        ]
365[0.0012208  0.92134952 0.86380418 0.11382742 0.0018616  0.72504883
 0.67315735 0.97732155 1.         0.         0.         0.
 0.         0.         1.         0.         0.         0.        ]
366[0.0012208  0.92134952 0.86380451 0.11382742 0.0018616  0.04326395
 0.67315735 0.97732155 1.         0.         0.         0.
 0.         0.         1.         0.         0.         0.        ]
367[0.90421327 0.00122294 0.58012234 0.39226449 0.06250095 0.13499573
 0.94290431 0.67539039 0.         0.         0.         0.
 0.         0.         1.         0.         0.         0.        ]
368[0.93119287 0.00677204 0.60392998 0.20985096 0.03125048 0.00537175
 0.58650984 0.77105428 1.         0.         0.         0.
 0.         1.         1.         0.         0.         0.        ]
369[0.83476523 0.00677204 0.91524184 0.56269132 0.50000763 0.56803199
 0.72841001 0.33551031 1.         0.         0.         0.
 0.         0.         1.         0.         0.         0.        ]
370[0.83476523 0.00677204 0.91524184 0.56269132 0.50000763 0.54617873
 0.72841001 0.33551031 1.         0.         0.         0.
 0.         0.         1.         0.         0.         0.        ]
371[0.73571287 0.00122294 0.40757619 0.03663312 0.13257038 0.35700769
 0.67315283 0.86615408 1.         0.         0.         0.
 0.         0.         1.         0.         0.         0.        ]
372[0.83476523 0.00677204 0.91524184 0.56269132 0.50000763 0.52432548
 0.72841001 0.33551031 1.         0.         0.         0.
 0.         0.         1.         0.         0.         0.        ]
373[0.83476523 0.00677204 0.91524184 0.56269132 0.50000763 0.50247223
 0.72841001 0.33551031 1.         0.         0.         0.
 0.         0.         1.         0.         0.         0.        ]
374[0.8432345  0.00677204 0.69408338 0.09467174 0.25000381 0.31897815
 0.90225479 0.52676791 1.         0.         0.         0.
 0.         0.         1.         0.         0.         0.        ]
375[0.00676016 0.27866271 0.54691339 0.70846899 0.50040436 0.23295385
 0.67316484 1.         1.         0.         0.         0.
 0.         1.         1.         0.         0.         0.        ]
376[0.83476523 0.00677204 0.91524184 0.56269132 0.50000763 0.48061897
 0.72841001 0.33551031 1.         0.         0.         0.
 0.         0.         1.         0.         0.         0.        ]
377[0.79487571 0.00677204 0.38408208 0.45084356 0.05967803 0.99217129
 0.90225479 0.33550197 1.         0.         0.         0.
 0.         0.         1.         0.         0.         0.        ]
378[0.83476523 0.00677204 0.91524184 0.56269132 0.50000763 0.45876572
 0.72841001 0.33551031 1.         0.         0.         0.
 0.         0.         1.         0.         0.         0.        ]
379[0.00676016 0.27866271 0.54691371 0.70846899 0.50040436 0.91307533
 0.67316484 1.         1.         0.         0.         0.
 0.         1.         1.         0.         0.         0.        ]
380[0.73571287 0.00122294 0.40757619 0.03663379 0.13257038 0.31281284
 0.67315283 0.86615408 1.         0.         0.         0.
 0.         0.         1.         0.         0.         0.        ]
381[0.0012208  0.52103461 0.77709541 0.97364275 0.50127413 0.38095165
 0.67316484 0.56259841 1.         0.         0.         0.
 0.         0.         1.         0.         0.         0.        ]
382[0.73571287 0.00122294 0.40757619 0.03663447 0.13257038 0.268618
 0.67315283 0.86615408 1.         0.         0.         0.
 0.         0.         1.         0.         0.         0.        ]
383[0.83476523 0.00677204 0.91524184 0.56269132 0.50000763 0.43691246
 0.72841001 0.33551031 1.         0.         0.         0.
 0.         0.         1.         0.         0.         0.        ]
384[0.0012208  0.52103461 0.77709575 0.97364275 0.50127413 0.89514406
 0.67316484 0.56259841 1.         0.         0.         0.
 0.         1.         1.         0.         0.         0.        ]
385[0.00676016 0.27866271 0.54691403 0.70846899 0.50040436 0.85813698
 0.67316484 1.         1.         0.         0.         0.
 0.         1.         1.         0.         0.         0.        ]
386[0.83476523 0.00677204 0.91524184 0.56269132 0.50000763 0.41505921
 0.72841001 0.33551031 1.         0.         0.         0.
 0.         0.         1.         0.         0.         0.        ]
387[0.83476523 0.00677204 0.91524184 0.56269132 0.50000763 0.39320596
 0.72841001 0.33551031 1.         0.         0.         0.
 0.         0.         1.         0.         0.         0.        ]
388[0.81327921 0.00122294 0.76008152 0.19174013 0.13366903 0.84779026
 0.67314818 0.52676797 1.         0.         0.         0.
 0.         0.         1.         0.         0.         0.        ]
389[0.86066137 0.00122294 0.43213658 0.9760522  1.         0.95139482
 0.51045536 0.67539039 0.         0.         0.         0.
 0.         0.         1.         0.         0.         0.        ]
390[0.83476523 0.00677204 0.91524184 0.56269132 0.50000763 0.3713527
 0.72841001 0.33551031 1.         0.         0.         0.
 0.         0.         1.         0.         0.         0.        ]
391[0.86066137 0.00122294 0.43213658 0.9760522  1.         0.92999939
 0.51045536 0.67539039 0.         0.         0.         0.
 0.         0.         1.         0.         0.         0.        ]
392[0.86066137 0.00122294 0.43213658 0.9760522  1.         0.70824686
 0.51045536 0.67539039 0.         0.         0.         0.
 0.         0.         1.         0.         0.         0.        ]
393[0.81327921 0.00122294 0.76008152 0.19174149 0.13366903 0.75866805
 0.67314818 0.52676797 1.         0.         0.         0.
 0.         0.         1.         0.         0.         0.        ]
394[0.81327921 0.00122294 0.76008152 0.19174285 0.13366903 0.66954584
 0.67314818 0.52676797 1.         0.         0.         0.
 0.         0.         1.         0.         0.         0.        ]
395[0.83476523 0.00677204 0.91524184 0.56269132 0.50000763 0.34949945
 0.72841001 0.33551031 1.         0.         0.         0.
 0.         0.         1.         0.         0.         0.        ]
396[0.73571287 0.00122294 0.40757619 0.03663514 0.13257038 0.22442315
 0.67315283 0.86615408 1.         0.         0.         0.
 0.         0.         1.         0.         0.         0.        ]
397[0.0012208  0.34763666 0.37079765 0.67840441 0.50130465 0.31997009
 0.67316484 0.90562201 1.         0.         0.         0.
 0.         0.         1.         0.         0.         0.        ]
398[0.0012208  0.34763666 0.37079797 0.67840441 0.50130465 0.58906116
 0.67316484 0.90562201 1.         0.         0.         0.
 0.         1.         1.         0.         0.         0.        ]
399[0.0012208  0.39892381 0.65610089 0.36875244 0.50087739 0.78505372
 0.67316484 0.68767554 1.         0.         0.         0.
 0.         1.         1.         0.         0.         0.        ]
400[0.85086448 0.00677204 0.04399404 0.46391533 0.03125048 0.09339519
 0.90225479 0.33551482 0.         0.         0.         0.
 0.         0.         1.         0.         0.         0.        ]
401[0.73571287 0.00122294 0.40757619 0.03663582 0.13257038 0.1802283
 0.67315283 0.86615408 1.         0.         0.         0.
 0.         0.         1.         0.         0.         0.        ]
402[0.86877966 0.57566956 0.49082154 0.         0.01562524 0.07526554
 0.36307551 0.90514538 0.         0.         0.         1.
 0.         0.         0.         0.         0.         0.        ]
403[0.994247   0.00122294 0.41502949 0.71186643 0.13257038 0.90449884
 0.6731648  0.43266447 1.         0.         0.         0.
 0.         0.         1.         0.         0.         0.        ]
404[0.76455418 0.00677204 0.79152253 0.72622808 0.0618143  0.06145465
 0.59791388 0.77936884 1.         0.         0.         0.
 0.         0.         1.         0.         0.         0.        ]
405[0.73571287 0.00122294 0.40757619 0.03663649 0.13257038 0.13603345
 0.67315283 0.86615408 1.         0.         0.         0.
 0.         0.         1.         0.         0.         0.        ]
406[0.85086448 0.00677204 0.04399416 0.46391533 0.03125048 0.38063118
 0.90225479 0.33551482 0.         0.         0.         0.
 0.         0.         1.         0.         0.         0.        ]
407[0.0012208  0.34763666 0.3707983  0.67840441 0.50130465 0.97456049
 0.67316484 0.90562201 1.         0.         0.         0.
 0.         0.         1.         0.         0.         0.        ]
408[0.0012208  0.34763666 0.37079862 0.67840441 0.50130465 0.7201349
 0.67316484 0.90562201 1.         0.         0.         0.
 0.         1.         1.         0.         0.         0.        ]
409[0.83476523 0.00677204 0.91524184 0.56269132 0.50000763 0.3276462
 0.72841001 0.33551031 1.         0.         0.         0.
 0.         0.         1.         0.         0.         0.        ]
410[0.83476523 0.00677204 0.91524184 0.56269132 0.50000763 0.30579294
 0.72841001 0.33551031 1.         0.         0.         0.
 0.         0.         1.         0.         0.         0.        ]
411[0.83476523 0.00677204 0.91524184 0.56269132 0.50000763 0.28393969
 0.72841001 0.33551031 1.         0.         0.         0.
 0.         0.         1.         0.         0.         0.        ]
412[0.83476523 0.00677204 0.91524184 0.56269132 0.50000763 0.26208644
 0.72841001 0.33551031 1.         0.         0.         0.
 0.         0.         1.         0.         0.         0.        ]
413[0.83476523 0.00677204 0.91524184 0.56269132 0.50000763 0.24023318
 0.72841001 0.33551031 1.         0.         0.         0.
 0.         0.         1.         0.         0.         0.        ]
414[0.83476523 0.00677204 0.91524184 0.56269132 0.50000763 0.21837993
 0.72841001 0.33551031 1.         0.         0.         0.
 0.         0.         1.         0.         0.         0.        ]
415[0.83476523 0.00677204 0.91524184 0.56269132 0.50000763 0.21569405
 0.72841001 0.33551031 1.         0.         0.         0.
 0.         0.         1.         0.         0.         0.        ]
416[0.81327921 0.00122294 0.76008152 0.19174353 0.13366903 0.62498474
 0.67314818 0.52676797 1.         0.         0.         0.
 0.         0.         1.         0.         0.         0.        ]
417[0.0012208  0.40303595 0.82191986 0.47138694 0.50125887 0.2510072
 0.67316484 0.99280818 1.         0.         0.         0.
 0.         0.         1.         0.         0.         0.        ]
418[0.0012208  0.40303595 0.8219202  0.47138694 0.50125887 0.26455866
 0.67316484 0.99280818 1.         0.         0.         0.
 0.         1.         1.         0.         0.         0.        ]
419[0.83476523 0.00677204 0.91524184 0.56269132 0.50000763 0.1938408
 0.72841001 0.33551031 1.         0.         0.         0.
 0.         0.         1.         0.         0.         0.        ]
420[0.83476523 0.00677204 0.91524184 0.56269132 0.50000763 0.17198755
 0.72841001 0.33551031 1.         0.         0.         0.
 0.         0.         1.         0.         0.         0.        ]
421[0.83476523 0.00677204 0.91524184 0.56269132 0.50000763 0.15013429
 0.72841001 0.33551031 1.         0.         0.         0.
 0.         0.         1.         0.         0.         0.        ]
422[0.0012208  0.34763666 0.37079895 0.67840441 0.50130465 0.71248932
 0.67316484 0.90562201 1.         0.         0.         0.
 0.         0.         1.         0.         0.         0.        ]
423[0.82206894 0.00677204 0.49278773 0.12617918 0.03056382 0.00109877
 0.90225479 0.33550997 1.         0.         0.         0.
 0.         0.         1.         0.         0.         0.        ]
424[0.0012208  0.34763666 0.37079927 0.67840441 0.50130465 0.82460933
 0.67316484 0.90562201 1.         0.         0.         0.
 0.         0.         1.         0.         0.         0.        ]
425[0.0012208  0.34763666 0.3707996  0.67840441 0.50130465 0.25099194
 0.67316484 0.90562201 1.         0.         0.         0.
 0.         1.         1.         0.         0.         0.        ]
426[0.83476523 0.00677204 0.91524184 0.56269132 0.50000763 0.12828104
 0.72841001 0.33551031 1.         0.         0.         0.
 0.         0.         1.         0.         0.         0.        ]
427[0.83476523 0.00677204 0.91524184 0.56269132 0.50000763 0.10642779
 0.72841001 0.33551031 1.         0.         0.         0.
 0.         0.         1.         0.         0.         0.        ]
428[0.0012208  0.39887795 0.25532793 0.8357162  0.50087739 0.77702661
 0.67316484 0.68767554 1.         0.         0.         0.
 0.         0.         1.         0.         0.         0.        ]
429[0.0012208  0.39887795 0.25532823 0.8357162  0.50087739 0.3239989
 0.67316484 0.68767554 1.         0.         0.         0.
 0.         0.         1.         0.         0.         0.        ]
430[0.82206894 0.00677204 0.49278773 0.12617918 0.03125048 0.00039678
 0.90225479 0.33550997 1.         0.         0.         0.
 0.         0.         1.         0.         0.         0.        ]
431[0.00676016 0.01644858 0.29897631 0.80001762 0.00401312 0.01466549
 0.76851367 0.58843468 0.         0.         0.         0.
 0.         0.         1.         0.         0.         0.        ]
432[0.65755139 0.00677204 0.16682051 0.19389325 0.18347448 0.67107191
 0.90225479 0.52676823 1.         0.         0.         0.
 0.         0.         1.         0.         0.         0.        ]
433[0.00676016 0.75388284 0.47257243 0.68325903 0.11778439 0.07746307
 0.96613505 0.5884298  0.         0.         0.         0.
 0.         0.         1.         0.         0.         0.        ]
434[0.01515313 0.93970894 0.63032246 0.66154763 0.14721904 0.8431968
 0.5865064  0.16124204 0.         0.         0.         0.
 0.         1.         1.         0.         0.         0.        ]
435[0.01515313 0.93970894 0.63032248 0.66154763 0.14721904 0.65433097
 0.5865064  0.16124204 0.         0.         0.         0.
 0.         1.         1.         0.         0.         0.        ]
436[0.83476523 0.00677204 0.91524184 0.56269132 0.50000763 0.08457453
 0.72841001 0.33551031 1.         0.         0.         0.
 0.         0.         1.         0.         0.         0.        ]
437[0.83476523 0.00677204 0.91524184 0.56269132 0.50000763 0.06272128
 0.72841001 0.33551031 1.         0.         0.         0.
 0.         0.         1.         0.         0.         0.        ]
438[0.86066137 0.00122294 0.43213658 0.9760522  1.         0.68685142
 0.51045536 0.67539039 0.         0.         0.         0.
 0.         0.         1.         0.         0.         0.        ]
439[0.86066137 0.00122294 0.43213658 0.9760522  1.         0.67655048
 0.51045536 0.67539039 0.         0.         0.         0.
 0.         0.         1.         0.         0.         0.        ]
440[0.86066137 0.00122294 0.43213658 0.9760522  1.         0.65515505
 0.51045536 0.67539039 0.         0.         0.         0.
 0.         0.         1.         0.         0.         0.        ]
441[0.86066137 0.00122294 0.43213658 0.9760522  1.         0.63375961
 0.51045536 0.67539039 0.         0.         0.         0.
 0.         0.         1.         0.         0.         0.        ]
442[0.86066137 0.00122294 0.43213658 0.9760522  1.         0.61236418
 0.51045536 0.67539039 0.         0.         0.         0.
 0.         0.         1.         0.         0.         0.        ]
443[0.86066137 0.00122294 0.43213658 0.9760522  1.         0.59096875
 0.51045536 0.67539039 0.         0.         0.         0.
 0.         0.         1.         0.         0.         0.        ]
444[0.86066137 0.00122294 0.43213658 0.9760522  1.         0.56957331
 0.51045536 0.67539039 0.         0.         0.         0.
 0.         0.         1.         0.         0.         0.        ]
445[0.83476523 0.00677204 0.91524184 0.56269132 0.50000763 0.04086803
 0.72841001 0.33551031 1.         0.         0.         0.
 0.         0.         1.         0.         0.         0.        ]
446[0.83476523 0.00677204 0.91524184 0.56269132 0.50000763 0.01901477
 0.72841001 0.33551031 1.         0.         0.         0.
 0.         0.         1.         0.         0.         0.        ]
447[0.83476523 0.00677204 0.91524184 0.56269132 0.50000763 0.99726834
 0.72841001 0.33551031 1.         0.         0.         0.
 0.         0.         1.         0.         0.         0.        ]
448[0.83476523 0.00677204 0.91524184 0.56269132 0.50000763 0.97541509
 0.72841001 0.33551031 1.         0.         0.         0.
 0.         0.         1.         0.         0.         0.        ]
449[0.0012208  0.39887795 0.25532883 0.8357162  0.50087739 0.27719448
 0.67316484 0.68767554 1.         0.         0.         0.
 0.         1.         1.         0.         0.         0.        ]
450[0.79070974 0.0626758  0.48439924 0.41615631 0.03123522 0.25587535
 0.90225479 0.08203829 1.         0.         0.         0.
 0.         0.         1.         0.         0.         0.        ]
451[0.00033572 0.95861869 0.66907688 0.67303619 0.02771038 0.11111281
 0.58650566 0.80975058 1.         0.         0.         0.
 0.         0.         1.         0.         0.         0.        ]
452[0.00033572 0.95861869 0.66907721 0.67303619 0.02771038 0.80847882
 0.58650566 0.80975058 1.         0.         0.         0.
 0.         0.         1.         0.         0.         0.        ]
453[0.81666692 0.00677204 0.76325464 0.01840873 0.02233921 0.30351911
 0.90225485 0.3355108  0.         0.         0.         0.
 0.         0.         1.         0.         0.         0.        ]
454[0.00033572 0.95861869 0.66907819 0.67303619 0.02771038 0.02699609
 0.58650566 0.80975058 1.         0.         0.         0.
 0.         0.         1.         0.         0.         0.        ]
455[0.99536097 0.00677204 0.57439133 0.26652217 0.03080797 0.61070077
 0.90225479 0.64410913 1.         0.         0.         0.
 0.         0.         1.         0.         0.         0.        ]
456[0.0012208  0.59543537 0.80245622 0.3810841  0.50125887 0.69599255
 0.67316484 0.5255086  1.         0.         0.         0.
 0.         0.         1.         0.         0.         0.        ]
457[0.0012208  0.59543537 0.80245656 0.3810841  0.50125887 0.26245269
 0.67316484 0.5255086  1.         0.         0.         0.
 0.         1.         1.         0.         0.         0.        ]
458[0.75437579 0.07982757 0.71490804 0.43908356 0.06250095 0.26097241
 0.90225479 0.48515831 1.         0.         0.         0.
 0.         1.         1.         0.         0.         0.        ]
459[0.86066137 0.00122294 0.43213658 0.9760522  1.         0.55089427
 0.51045536 0.67539039 0.         0.         0.         0.
 0.         0.         1.         0.         0.         0.        ]
460[0.99536097 0.00677204 0.57439133 0.26652218 0.03123522 0.60969357
 0.90225479 0.64410913 1.         0.         0.         0.
 0.         0.         1.         0.         0.         0.        ]
461[0.00676016 0.15396845 0.78651006 0.37084008 0.50029755 0.1810829
 0.67316484 0.06504041 1.         0.         0.         0.
 0.         1.         1.         0.         0.         0.        ]
462[0.00676016 0.15396845 0.78651039 0.37084008 0.50029755 0.37112379
 0.67316484 0.06504041 1.         0.         0.         0.
 0.         0.         1.         0.         0.         0.        ]
463[0.00676016 0.15396845 0.78651072 0.37084008 0.50029755 0.4681968
 0.67316484 0.06504041 1.         0.         0.         0.
 0.         0.         1.         0.         0.         0.        ]
464[0.00676016 0.15396845 0.78651105 0.37084008 0.50029755 0.95949823
 0.67316484 0.06504041 1.         0.         0.         0.
 0.         1.         1.         0.         0.         0.        ]
465[0.0012208  0.95073071 0.36519325 0.58638873 0.0018616  0.10039983
 0.67315735 0.98775456 1.         0.         0.         0.
 0.         0.         1.         0.         0.         0.        ]
466[0.0012208  0.95073071 0.36519357 0.58638873 0.0018616  0.94524478
 0.67315735 0.98775456 1.         0.         0.         0.
 0.         0.         1.         0.         0.         0.        ]
467[0.0012208  0.95073071 0.3651939  0.58638873 0.0018616  0.9517153
 0.67315735 0.98775456 1.         0.         0.         0.
 0.         0.         1.         0.         0.         0.        ]
468[0.0012208  0.95073071 0.36519423 0.58638873 0.0018616  0.63980283
 0.67315735 0.98775456 1.         0.         0.         0.
 0.         0.         1.         0.         0.         0.        ]
469[0.0012208  0.95073071 0.36519455 0.58638873 0.0018616  0.63359175
 0.67315735 0.98775456 1.         0.         0.         0.
 0.         0.         1.         0.         0.         0.        ]
470[0.0012208  0.95073071 0.36519488 0.58638873 0.0018616  0.25326578
 0.67315735 0.98775456 1.         0.         0.         0.
 0.         0.         1.         0.         0.         0.        ]
471[0.0012208  0.40303595 0.82192054 0.47138694 0.50125887 0.23628067
 0.67316484 0.99280818 1.         0.         0.         0.
 0.         0.         1.         0.         0.         0.        ]
472[0.0012208  0.9050691  0.39293123 0.37806333 0.50029755 0.16237334
 0.67316484 0.68567137 1.         0.         0.         0.
 0.         1.         1.         0.         0.         0.        ]
473[0.0012208  0.40303595 0.82192088 0.47138694 0.50125887 0.79137163
 0.67316484 0.99280818 1.         0.         0.         0.
 0.         1.         1.         0.         0.         0.        ]
474[0.23111199 0.00122294 0.28270769 0.09587817 0.00097658 0.64813515
 0.55868266 0.0448032  0.         0.         0.         1.
 0.         0.         0.         0.         0.         0.        ]
475[0.23117303 0.00122294 0.34181419 0.38364361 0.00097658 0.33439141
 0.46350339 0.0448032  0.         0.         0.         1.
 0.         0.         0.         0.         0.         0.        ]
476[0.23123407 0.00122294 0.25475853 0.19513657 0.00097658 0.89729581
 0.65500159 0.0448032  0.         0.         0.         1.
 0.         0.         0.         0.         0.         0.        ]
477[0.23129511 0.00122294 0.472549   0.27125595 0.00097658 0.11776645
 0.11851265 0.0448032  0.         0.         0.         1.
 0.         0.         0.         0.         0.         0.        ]
478[0.23135615 0.00122294 0.2647348  0.22209733 0.00097658 0.77661458
 0.89716951 0.0448032  0.         0.         0.         1.
 0.         0.         0.         0.         0.         0.        ]
479[0.23141719 0.00122294 0.38328193 0.18933539 0.00097658 0.43737028
 0.60096465 0.0448032  0.         0.         0.         1.
 0.         0.         0.         0.         0.         0.        ]
480[0.23147823 0.00122294 0.44955854 0.36314978 0.00097658 0.75875961
 0.42391117 0.0448032  0.         0.         0.         1.
 0.         0.         0.         0.         0.         0.        ]
481[0.23153927 0.00122294 0.22349098 0.24675971 0.00097658 0.98203821
 0.46770035 0.0448032  0.         0.         0.         1.
 0.         0.         0.         0.         0.         0.        ]
482[0.23160031 0.00122294 0.36140371 0.15417097 0.00097658 0.96996704
 0.82782707 0.0448032  0.         0.         0.         1.
 0.         0.         0.         0.         0.         0.        ]
483[0.23166135 0.00122294 0.48110748 0.46770141 0.00097658 0.10662618
 0.72784051 0.0448032  0.         0.         0.         1.
 0.         0.         0.         0.         0.         0.        ]
484[0.23172239 0.00122294 0.46559854 0.28085817 0.00097658 0.319848
 0.61252581 0.0448032  0.         0.         0.         1.
 0.         0.         0.         0.         0.         0.        ]
485[0.23178343 0.00122294 0.29363018 0.07121471 0.00097658 0.1021548
 0.89456767 0.0448032  0.         0.         0.         1.
 0.         0.         0.         0.         0.         0.        ]
486[0.23184447 0.00122294 0.43050407 0.04581978 0.00097658 0.77653827
 0.6545237  0.0448032  0.         0.         0.         1.
 0.         0.         0.         0.         0.         0.        ]
487[0.23190551 0.00122294 0.33559333 0.13893433 0.00097658 0.96859358
 1.         0.0448032  0.         0.         0.         1.
 0.         0.         0.         0.         0.         0.        ]
488[0.23196655 0.00122294 0.36601379 0.37657659 0.00097658 0.4232084
 0.11785448 0.0448032  0.         0.         0.         1.
 0.         0.         0.         0.         0.         0.        ]
489[0.23202759 0.00122294 0.33543559 0.27252275 0.00097658 0.26106397
 0.89613618 0.0448032  0.         0.         0.         1.
 0.         0.         0.         0.         0.         0.        ]
490[0.23208863 0.00122294 0.28752247 0.18423935 0.00097658 0.09171652
 0.39471555 0.0448032  0.         0.         0.         1.
 0.         0.         0.         0.         0.         0.        ]
